==========================================================================================================================================
Wireless LAN Statistics - vacuum_cleaner.pcap.gz:
BSSID  Channel  SSID  Percent Packets  Percent Retry  Retry  Beacons  Data Pkts  Probe Reqs  Probe Resp  Auths  Deauths  Other  Protection
------------------------------------------------------------------------------------------------------------------------------------------
00:13:37:a7:06:fb       11  Beer-station        20.803405       0.000000      0     1564          0           0           0      0        0      0            
00:13:37:a7:06:fb       11  Coffee-and-relax        14.325619       0.000000      0     1077          0           0           0      0        0      0            
00:13:37:a7:06:fb       11  Private        14.365523       0.000000      0     1080          0           0           0      0        0      0            
00:13:37:a7:06:fb       11  Relaxspot        14.352221       0.000000      0     1079          0           0           0      0        0      0            
00:13:37:a7:06:fb       11  Restaurant        14.299016       0.000000      0     1075          0           0           0      0        0      0            
00:13:37:a7:06:fb       11  FLpa         2.447459      85.326087    157        0          0           0         184      0        0      0            
00:1f:1f:08:67:24       11  JKW          0.133014       0.000000      0        8          2           0           0      0        0      0  Unknown   
02:13:37:a7:06:fb       11  ThisIsTheWay        14.777866      17.731773    197      465         89           0         257     28      256     16  Unknown   
02:15:99:0b:84:96       11  DIRECT-X3M2020 Series         2.593775      11.282051     22      163          0           0          32      0        0      0            
c8:b5:ad:bf:40:40        0  <Broadcast>         0.571961       0.000000      0        0         43           0           0      0        0      0            
ff:ff:ff:ff:ff:ff       11  <Broadcast>         1.050811       0.000000      0        0          0          79           0      0        0      0            
ff:ff:ff:ff:ff:ff        0  ThisIsTheWay         0.266028       0.000000      0        0          0          20           0      0        0      0            
ff:ff:ff:ff:ff:ff        0  VodafoneMobileWiFi-177053         0.013301       0.000000      0        0          0           1           0      0        0      0            
------------------------------------------------------------------------------------------------------------------------------------------
